   4.0000000000000000e+00
   1.0000000000000000e+01
   1.1410005224925266e+01
   0.0000000000000000e+00
   2.6304142547367086e+00
  -9.6990142373097878e+00
   0.0000000000000000e+00
   2.3098129380741992e+00
   1.0278264506441838e+01
   0.0000000000000000e+00
   1.8518644031420464e+00
   2.6568184885802468e+00
   0.0000000000000000e+00
   1.9180239515550348e+00
   1.5335340564622135e+00
   0.0000000000000000e+00
   3.3877208957184712e+00
  -9.1150641863591684e+00
   0.0000000000000000e+00
   1.6473782182839172e+00
   8.9782451938245806e+00
   0.0000000000000000e+00
   2.0990144590697803e+00
   4.4506366909301998e-01
   0.0000000000000000e+00
   1.2955992644079413e+00
  -7.1469200951968759e+00
   0.0000000000000000e+00
   2.5436414571549908e+00
  -1.0340932620538439e+01
   0.0000000000000000e+00
   2.4360648953757051e+00
   1.0000000000000000e+01
  -3.6424521601662794e+00
   0.0000000000000000e+00
   4.2535463267276912e+00
  -4.3002054920022106e+00
   0.0000000000000000e+00
   4.1398021523821737e-01
  -2.5616804815126892e+00
   0.0000000000000000e+00
   2.4654652220079423e+00
   2.6504508464934207e-01
   0.0000000000000000e+00
   1.2104991004217303e+00
   4.9186432478216933e+00
   0.0000000000000000e+00
   4.3196938224101694e-01
  -4.8928550390892334e-01
   0.0000000000000000e+00
   6.2982725171674385e+00
  -3.3623537801522705e+00
   0.0000000000000000e+00
   3.3536552138773086e+00
   5.6657783351980244e+00
   0.0000000000000000e+00
   4.1364417265977540e+00
   2.7500954535193384e-01
   0.0000000000000000e+00
   8.3678159345313272e+00
   4.2311369988796246e+00
   0.0000000000000000e+00
   2.6668771430544815e+00
